proba_LOW_FUEL,proba_NORMAL,proba_REFUEL,proba_THEFT
0.023711016491012527,0.9495874552061988,0.02623796476989888,0.0004635635328899133
4.8588893589528205e-06,0.9999763272849987,1.0942968085233848e-05,7.870857557117602e-06
5.0230339501438115e-06,0.9992142464793619,0.000778454985419706,2.2755012682761747e-06
7.238268888825614e-05,0.9897474652545789,0.006413236460296709,0.003766915596236083
9.284576586720175e-06,6.797851831740511e-06,0.9999659492497398,1.7968321841716948e-05
6.889036124493636e-06,0.9999120135903605,2.1572630336274594e-05,5.9524743178785305e-05
5.826831979335754e-06,0.9996026568661935,0.00038669218788218524,4.824113945113398e-06
8.14881138740076e-06,0.00042416499694053966,2.2798144502417577e-05,0.9995448880471696
3.7801602848881045e-06,0.9997868759716056,0.0002050728756210001,4.2709924885034596e-06
2.8357299378516665e-06,0.9999655537037806,2.9418054187757283e-05,2.19251209391627e-06
1.870728495746488e-05,0.9964769619368244,0.00023766243251287163,0.003266668345705261
1.5710526878274778e-05,0.0007937770763378965,0.9991832411681648,7.271228619063951e-06
4.467319541297392e-05,0.9855162924844322,0.0006718089568048488,0.013767225363349752
2.362863743339345e-06,0.9998753052232858,0.00011256256473678801,9.76934823412005e-06
3.97540408151839e-05,0.9913455222410881,0.006650488583034927,0.0019642351350617716
6.847548518056696e-06,0.9994448453464537,0.0003372599747878824,0.00021104713024029475
1.0515383406975377e-05,0.9991621115487206,0.0007473889850194471,7.998408285306067e-05
1.0416941221846349e-05,0.9996955029698603,3.8563757105403934e-05,0.00025551633181257786
6.884673834943277e-06,0.00011005783527014926,0.9998792987519295,3.758738965497687e-06
1.4862423728924269e-05,0.0017679730561081738,5.472324081351242e-05,0.9981624412793494
1.6942644576958772e-05,0.004102601424239897,4.761474634201847e-05,0.9958328411848411
2.5441458295595852e-05,0.9964093744218757,0.000768770544222716,0.0027964135756060634
4.241515199619037e-05,0.9940021280692709,0.004222930478411257,0.0017325263003215635
8.69607778141337e-05,0.9870743930274822,0.012821216073356345,1.743012134721026e-05
2.1119369035814977e-05,0.9962095060563076,0.0002750552448632445,0.0034943193297932904
4.009797466293764e-06,0.00043446496502740604,1.195163983149625e-05,0.9995495735976749
6.445219031121594e-06,0.9997355256536407,0.00025648319561744765,1.5459317106487158e-06
3.898557131405668e-06,0.00011458522801114968,7.835247391969834e-06,0.9998736809674655
6.7322056163606215e-06,0.9993356894758145,0.0006121771797381073,4.540113883125973e-05
3.3308936163848425e-06,0.0002930773440912645,0.9996997547265906,3.837035701667868e-06
2.925319306370698e-06,0.0001244345431175968,0.9998703525591764,2.287578399601156e-06
3.0317098303691675e-06,0.9999732497635689,2.270101226885786e-05,1.0175143318001747e-06
3.4254957337942185e-06,0.9999401027527532,5.4462638433073384e-05,2.0091130799479333e-06
3.13568870979158e-05,0.9998605954476985,0.00010024856089619279,7.799104307493731e-06
6.223248592625089e-06,0.999779449817023,0.00021267649923290544,1.6504351513535078e-06
1.197699739031537e-05,0.9988055415122603,0.0011179400983214035,6.454139202796092e-05
0.9987872718914785,9.908207632480254e-05,0.00013053722256850997,0.0009831088096278866
0.9995651302436436,0.0003986493075137238,3.1330608006918514e-05,4.889840835831776e-06
0.0001107232327080244,6.273496554609794e-05,1.914407189056161e-06,0.9998246273945568
4.582674490138242e-06,1.5095708704427226e-05,0.9999790708164747,1.2508003307325637e-06
0.00020675284981708995,0.9895928797182674,0.010188345802501749,1.2021629413779408e-05
0.0001177656867391759,0.9942002359018566,0.005602944098402673,7.905431300156877e-05
0.00010480095563533002,0.9996458242,0.00024650590095403604,2.868943410429962e-06
0.0002138412332786504,0.9973749647876164,0.002305763704596153,0.00010543027450891293
0.9996391423323885,6.762642110875735e-05,0.0002032846559882747,8.99465905144386e-05
5.466007080759635e-05,0.9996052752540763,0.0003342998692772562,5.764805838785562e-06
1.5992984231896252e-05,1.0439980107193463e-05,5.849885758804033e-07,0.999972982047085
0.0006087276189585795,8.301316417074326e-06,0.9993768405619856,6.130502638743361e-06
4.703198586383621e-05,0.9994741707156145,0.00018101046587359806,0.00029778683264790773
2.844220075954668e-05,0.9992410083722192,4.575202269996202e-05,0.000684797404321334
2.043707625491303e-05,0.9998273538816501,9.906305325420604e-05,5.3145988841013893e-05
0.000389580212694097,0.9995122438503486,7.827253518668811e-05,1.9903401770500433e-05
1.2686806211144087e-05,3.625656708166766e-05,9.085194190737395e-07,0.9999501481072882
2.5642090705375525e-05,0.9999245395914771,1.978902489799925e-05,3.0029292919629077e-05
1.2855380156097063e-05,1.4087522463691452e-05,5.810136757106454e-07,0.9999724760837044
0.9998789670811183,0.00011370766552094062,4.741362274644556e-06,2.583891085981216e-06
0.07579556708562234,7.723076551789762e-05,1.4142323737389428e-05,0.9241130598251224
2.2480425325487742e-05,0.9996242539520904,0.0003500617454313887,3.203877152773056e-06
0.00016520050470062922,0.9997871617906289,3.682654757726037e-05,1.0811157093403524e-05
3.816550234220694e-06,8.816563121732031e-05,1.0997741582459427e-06,0.9999069180443901
0.009191903283388135,0.8762091472425042,0.0004935497436694687,0.11410539973043815
1.481390368064966e-06,1.5322903584902908e-05,0.9999823476609219,8.480451251553474e-07
8.690735256424202e-07,2.823526325014716e-05,5.118439160165363e-07,0.9999703838193081
0.0001631587196965174,0.000606897544837413,6.230817208774746e-06,0.9992237129182573
6.661984638116563e-05,0.0004577736270748389,0.9994620912152327,1.3515311311366019e-05
0.011351631073441611,0.8670512513863897,0.12099143882399553,0.0006056787161730704
0.03903240844955281,0.902609968395818,0.058177918379090865,0.0001797047755381905
0.009581542487038242,0.9567690987178169,0.033293663342557143,0.0003556954525878487
6.001078790711048e-07,1.3681522800932103e-05,0.9999849167475982,8.016217217848587e-07
7.355452055994952e-07,3.6430823275143596e-05,0.9999612425555706,1.5910759484773879e-06
2.6592455259043397e-05,0.9997956822841693,0.00017471583175626647,3.009428815389968e-06
7.84957179569415e-06,0.9997472839862617,0.00024256051990718646,2.305922035324532e-06
9.403537782233289e-06,0.9995028523310736,0.0001518576750314684,0.00033588645611276494
0.0001620295684770355,0.032659106908980814,0.966406396672977,0.0007724668495653
2.7316972671667975e-05,0.9986895590612567,0.0012748479110391267,8.27605503248347e-06
9.5232804801889e-06,0.9996326427080491,0.00012770584946772718,0.00023012816200307907
7.048511859228165e-07,2.3297061075311872e-05,0.9999749352050267,1.0628827121479673e-06
1.2043739499306911e-06,3.927522328932361e-05,0.9999563613773171,3.159025443616683e-06
8.001698916438513e-06,9.21554712214181e-06,1.3463369143351989e-06,0.9999814364170472
0.9999221741070712,3.587301055634626e-05,4.0669027881190595e-05,1.283854491398267e-06
0.9992142651306258,0.0007009610073630977,7.806948208024449e-05,6.704379930708346e-06
0.9993214431328562,5.7787785387132385e-06,7.51831095252847e-06,0.0006652597776525972
0.0011955743659918397,0.0001711238636632178,0.998597648695864,3.5653074481078645e-05
0.9998979090514657,7.387659726357674e-06,5.882951150600249e-05,3.5873777301772014e-05
0.0024705826900718064,3.517046880827118e-05,0.997434399344314,5.984749680602796e-05
0.00015900866305438343,0.9989386132112164,9.116870321399545e-05,0.000811209422515149
1.664425670546366e-05,6.885776044753021e-06,4.287164175822138e-07,0.9999760412508322
3.501465649470916e-05,7.313134252372274e-05,0.9998827909691623,9.063031819288445e-06
9.574285077480186e-05,0.999218833903268,0.0006818638107016047,3.559435255334604e-06
0.00011733288937398298,0.9995825719372292,0.0002792051775300156,2.0889995866703205e-05
0.00034871528735585855,0.010082653777380355,0.9895146652186534,5.3965716610473966e-05
0.00016216611940684196,0.999789728915673,4.156696777160657e-05,6.537997148709795e-06
1.0042981332482023e-05,1.664997175779864e-05,3.219875038336886e-07,0.999972985059406
0.0053242656782992994,1.0022000739934898e-05,2.361042555796574e-06,0.9946633512784051
0.01252113068587001,0.0001888772365159104,0.9871964060631182,9.358601449587651e-05
0.000519109222804284,0.9992957588619719,0.0001773274602767643,7.804454946962415e-06
0.0018132282570642204,0.007254361132971156,6.829811649837065e-05,0.9908641124934663
0.005001290896277318,0.9935452407345615,0.0005199679404632453,0.0009335004286977946
0.05762111552801709,0.23702427155464087,0.7050388657053545,0.00031574721198744383
0.00925565465008129,0.9744651376971128,0.01611439481640081,0.00016481283640488697
0.008984255413409314,0.9374440022310601,0.0016756117072404388,0.05189613064829028
8.131725178168042e-05,7.157452443173053e-05,0.9998217151367736,2.539308701290708e-05
0.000604234732789269,0.999341366538552,4.573921479017888e-05,8.659513868626285e-06
0.99350302656534,0.0001996073160266483,0.006131263529886021,0.00016610258874733976
0.9684218969049042,0.00021453865884199662,1.7027686165210373e-05,0.03134653675008878
0.0011273394086241983,3.6492402709079986e-05,0.9987902082129375,4.595997572922412e-05
0.0006002760670662728,2.3847310286248203e-06,5.723479563397845e-07,0.9993967668539487
0.0602129988602306,0.00037123794029125985,0.00013442003274752114,0.9392813431667306
0.9995555646390983,1.1841140188727352e-05,0.0003876838188071298,4.4910401905829494e-05
3.344338451359501e-05,0.9998245170862182,8.009095432139105e-05,6.194857494689112e-05
1.7454431290358498e-05,0.00018368639093545582,0.9997545405738201,4.431860395414294e-05
2.550850406378802e-05,0.9992078311943837,0.0006553222536789419,0.00011133804787342031
4.468092595223757e-05,0.9998824083705004,4.639757603891094e-05,2.6513127508383374e-05
5.464093694401279e-06,5.5889367463586025e-06,3.1014709462838203e-07,0.9999886368224645
0.9985802056975829,0.0004391038049360914,0.0003133140436708021,0.0006673764538102837
0.9991022823610167,5.0304397971703055e-05,3.230522773899127e-05,0.0008151080132725082
0.9997588058899463,0.0001278635830353772,4.0725001714391365e-05,7.260552530413304e-05
0.006392743888183375,0.0005476531556076958,0.992703669088888,0.0003559338673208863
0.9988775819266611,1.7392137855683675e-05,3.274019806918649e-05,0.0010722857374139622
0.7181204833310126,0.00020818281864126717,1.573015174874143e-05,0.2816556036985973
0.9997165732059731,0.000142351885465988,4.696656797589629e-05,9.410834058503146e-05
6.213703035234838e-05,0.9933141019358295,7.966990610233338e-05,0.0065440911277156455
2.9002557860798234e-05,9.70321529741044e-06,6.846219474044637e-07,0.9999606096048943
0.9996799601864579,1.4711366714297099e-05,0.0002825393491428798,2.2789097684677558e-05
6.486792685426698e-06,1.284719323091879e-05,0.9999787562298842,1.909784199358276e-06
4.045729126827877e-06,0.00036765789494126673,0.9996163109495261,1.1985426405699556e-05
0.00025572950268589893,0.9866233074733946,0.010386240872055834,0.0027347221518636763
1.4086661521108457e-05,0.008024072197347732,0.9919418802278565,1.996091327469353e-05
5.534351810831306e-06,0.9999081376903484,8.483128434690789e-05,1.4966734939384118e-06
7.532874095258195e-06,1.4072505438080805e-05,0.9999456182119956,3.277640847111414e-05
6.995452405493894e-05,0.9998632029075785,5.5388522142478484e-05,1.1454046223948066e-05
7.667690521630256e-05,0.9612714139282429,8.077700699187353e-05,0.038571132159548986
8.499629224950174e-06,0.9997659741069088,0.00022198114000504518,3.5451238611516128e-06
2.8853014330719018e-05,0.9968425295193065,0.00015766270746956647,0.0029709547588933336
3.145417278147704e-05,1.612946753686909e-05,1.5388660317531537e-06,0.99995087749365
0.9999582338875179,2.3130948284895734e-05,1.7971530050627638e-05,6.636341463412139e-07
0.9997481914511767,7.691196617497017e-05,9.848613631850837e-05,7.641044632996396e-05
0.999841547815303,8.690369995173647e-05,6.97410099576571e-05,1.8074747876557708e-06
0.0004294467090294624,1.4500781467288055e-05,0.9995422783672255,1.3774142277695021e-05
0.9983343745170123,0.00025333805604096357,0.0013923244277159266,1.996299923081286e-05
0.00014502496095806057,0.9920118597372214,5.6024820185289244e-05,0.007787090481635179
4.0496105508638264e-05,0.0025867912982002195,0.9972973998894182,7.53127068729018e-05
5.846537155368253e-05,0.999225271820124,0.0006809278558501812,3.5334952472266433e-05
2.2715899502872525e-05,6.281664805351087e-05,0.9998816557435992,3.281170884424068e-05
1.9462664145259043e-05,0.999577791593409,9.392535938135873e-05,0.00030882038306453464
8.490419171964878e-06,0.9998253337481915,0.0001024031279780039,6.377270465841083e-05
1.4596830024121963e-05,0.0004536491201064257,2.913339835314155e-06,0.9995288407100341
2.0116642506480747e-05,0.9997692940867611,0.00019117088954352174,1.9418381188951866e-05
4.355323247783525e-05,0.9995777589921435,0.0003759248928512711,2.7628825272862583e-06
0.0002650475585687039,0.9981491645941047,0.0011016463437274531,0.0004841415035991193
0.0029103907225367996,0.9875381284277527,0.008761590149999323,0.0007898906997112032
0.004140201176972782,0.9951509601592613,0.00056765590153776,0.00014118276222820688
0.028549752662023985,0.9689855340320033,0.001673844145697456,0.0007908691602753479
0.0018749187274908342,0.9578438290917796,0.004617762429177998,0.035663489751551695
3.0226015952290367e-05,0.0010821518227957926,0.9988610433417301,2.6578819521689258e-05
0.0002568560680712264,0.9868468151429586,0.012632657357964478,0.00026367143100573587
1.1738428720413642e-05,1.9195284728097994e-05,0.9999290415955873,4.002469096431124e-05
1.2247735198548462e-05,0.999714145417963,0.0002714297903327019,2.17705650567265e-06
1.5838282633331011e-06,2.4744907131845713e-05,6.840036562523273e-07,0.9999729872609485
6.074080803540188e-06,0.00022890958180937,2.0618007808859047e-06,0.9997629545366061
0.00027301837751390716,0.9966053487583715,0.0016961429865864285,0.0014254898775280884
2.780320187888539e-05,0.9997080460457514,0.00025755276114040556,6.59799122938426e-06
2.2072027299320805e-05,0.9995267909918036,0.00044760905869381827,3.5279222031369423e-06
4.6200998378306905e-05,0.9997839465639742,0.00015722473781400574,1.2627699833694321e-05
2.8679798508141696e-05,0.999915406701125,5.1878152690100466e-05,4.035347676872669e-06
0.00024011502014256372,0.9778415336378304,3.325551165287199e-05,0.021885095830374332
2.9465298703519877e-06,0.00018233333351541,0.9998108707714543,3.8493651600748385e-06
9.919134761503757e-06,1.0110906963459952e-05,9.065752419828887e-07,0.999979063383033
4.698557411479178e-06,3.7405811627583337e-05,0.999953047718485,4.847912475922322e-06
2.004528982252227e-06,3.3741797016378725e-05,8.71106612426791e-07,0.9999633825673889
3.357795061954544e-05,0.9987225108798969,6.280504459431249e-05,0.0011811061248890133
0.00014456354293801736,0.9997880768653791,6.324620927714536e-05,4.113382405834235e-06
1.3071709233325246e-05,2.450262353373228e-05,0.9999313584201537,3.1067247079211047e-05
2.3587854425095454e-05,0.004835691971943591,1.6963130067617274e-05,0.9951237570435636
6.493613476604505e-06,0.9999045586469341,4.7691904540839455e-05,4.1255835048550886e-05
1.4999561216816393e-05,0.9995527084322168,0.0004288377045395463,3.4543020266914585e-06
0.0001668811930015983,0.9979665711266159,0.0018603715805221258,6.1760998603686634e-06
1.344056762289968e-05,0.9996285115081442,0.0003567751613918204,1.2727628410595575e-06
1.821992938045885e-05,1.4082536534381405e-05,1.42669280781285e-06,0.9999662708412774
0.9996984763167539,0.00023275965554426706,6.644840762828141e-05,2.3156200733572495e-06
0.998230970207427,2.143599007939523e-05,0.0017211863715960241,2.6407430897605415e-05
0.00025635439007544534,9.400617756830446e-06,0.9997253786682159,8.866323951854558e-06
0.9993719086152889,0.00011343494621712706,0.00012697414983777686,0.00038768228865609906
0.0023558815001433254,5.595200267827362e-06,5.4705251229596145e-06,0.9976330527744658
0.9994787436479134,4.932646241735567e-06,1.7027431122176555e-05,0.0004992962747224909
0.999396801154776,0.0003749169010752186,0.0002202953951011178,7.986549047632731e-06
0.00016130279456280362,3.362307156463744e-06,0.9998277951586308,7.539739649935505e-06
0.9995214858297818,0.0004110461157276956,6.15867781081194e-05,5.8812763823194026e-06
5.339301271165147e-06,1.3899109624548681e-05,0.9999788964162357,1.8651728684999633e-06
0.0002392136599810729,0.9557002972356481,0.04398538026023265,7.510884413807641e-05
0.0002276936438443555,0.9961864938842302,0.0027017689533112652,0.0008840435186144657
0.00014100661939575495,0.9982438824105186,0.0004956815099990576,0.0011194294600866289
5.04072497670279e-05,0.9999143602429323,2.0431547614209155e-05,1.4800959686232698e-05
1.0116672139361344e-05,0.9999346701767391,5.432748672345834e-05,8.856643980165438e-07
5.481668261250105e-05,0.9981919002393445,0.00015803239737951404,0.0015952506806636672
2.6956420289302413e-06,0.0001365613999727654,0.9998562452112577,4.497746740545944e-06
0.0026357377392092836,0.050959942788650306,0.31807952047800664,0.6283247989941338
4.658938665578378e-06,0.00012734447796187707,2.3330216892558685e-06,0.9998656635616833
0.00016341507016976633,0.0012078139508850934,3.520011595830579e-05,0.9985935708629867
3.454456918590347e-05,2.8365268553024406e-05,1.823241145092857e-06,0.9999352669211159
5.543245836768984e-05,1.0718527123011167e-05,0.9999194594332816,1.4389581227654147e-05
0.00014098926829422698,0.9997941492170329,6.240233477975453e-05,2.4591798931426792e-06
0.00016687953367559616,0.999142686920359,0.00018455176596423348,0.0005058817800010258
0.00013367739473508876,0.9996197079850677,0.00019847100332148364,4.814361687581623e-05
0.08135508394261559,0.917046961499863,0.0014259123772784902,0.00017204218024291032
0.00016567934228418676,7.805906559954891e-06,3.260229286760586e-06,0.999823254521869
0.996784684989591,5.021727854032991e-05,1.5503427229971043e-05,0.0031495943046385873
2.3199248369948824e-06,1.2534713524729494e-05,0.9999837765269463,1.36883469204486e-06
4.132843158079145e-05,0.9997257405919964,0.00013587599056590446,9.705498585674164e-05
0.0002489984664685105,0.022336673138444747,3.413392472787486e-05,0.977380194470359
3.442426751126481e-05,9.282918700461932e-06,1.5545722296941199e-06,0.9999547382415587
0.0032679693911608237,4.48590185340951e-06,2.544554731585621e-06,0.9967250001522542
5.122903433554306e-05,1.7121864597498448e-05,0.9999276994943465,3.949606720397978e-06
0.9990868019763467,6.747044500626432e-05,2.9180753824830867e-05,0.0008165468248222871
0.9991039121537909,0.0008098375134235898,7.79689421538591e-05,8.281390631800043e-06
0.0003845643514876018,0.9953000365571638,0.00013919072371329462,0.00417620836763528
6.298287926909215e-05,0.002877181136904051,0.9967795056029863,0.0002803303808405299
1.1358432685613098e-05,0.00011170319086958795,0.9998716325973596,5.3057790850502455e-06
6.711850568765695e-06,0.9999004499786548,9.194135048121017e-05,8.968202951556611e-07
5.249479760031167e-06,0.0001105377199737692,3.063847346827355e-06,0.9998811489529194
2.5092519035966847e-06,8.334789188410646e-05,1.5593505035470897e-06,0.9999125835057087
0.9993930932297302,3.209149937703469e-05,0.0005433769246759746,3.143834621693054e-05
0.0013578134595323137,3.7731857486523383e-06,1.7270585946865987e-06,0.9986366862961243
0.9999654371467926,2.3633317406794884e-05,6.4932722803637435e-06,4.4362635201595065e-06
0.00010074581556881306,0.9994987561177733,7.302499683995105e-05,0.0003274730698180907
6.2801319087694e-05,0.9998303900732961,0.0001002185054419614,6.5901021742608695e-06
0.00023667563853832534,5.06421760570882e-05,4.37112759859925e-06,0.9997083110578059
6.719386358918018e-05,6.284560175043286e-05,0.9998628770859288,7.08344873166798e-06
0.0010415082171010732,2.251139474391129e-06,1.698646880007366e-06,0.9989545419965445
0.9999540158133271,1.7182822683059324e-06,2.2694440260184425e-05,2.1571464144522015e-05
0.9998492666126859,7.157290509206501e-06,8.458592528240974e-05,5.8990171522451274e-05
0.9995823888182018,0.00039083549503053053,2.0896731357650135e-05,5.878955410209454e-06
0.35727828428694397,0.00152833293636303,0.6404797476330257,0.0007136351436673136
0.9982572579694979,0.0014106850427900721,0.00031705303083429446,1.5003956877962894e-05
0.9968257387752116,0.002970686413649149,0.00019286844407876805,1.0706367060423872e-05
1.5032096790002068e-05,0.9999145514181484,6.466938132390542e-05,5.74710373762918e-06
0.00015425910508369203,0.9998300226757117,1.1833217913128323e-05,3.885001291327204e-06
0.0001235384152309341,0.9998614580411145,1.0387113086977419e-05,4.616430567725664e-06
1.8028893162440108e-06,7.183946223987981e-05,0.9999239531763888,2.4044720551471203e-06
4.266666195993505e-05,0.0013285547939435103,1.300716248454819e-05,0.998615771381612
3.3735515519480695e-05,0.9999515311649791,1.228875247915246e-05,2.4445670220096014e-06
1.468806020234279e-05,0.9999793870641203,4.162063773478396e-06,1.7628119038333847e-06
7.555345175777817e-05,0.9994531969809884,3.5692440025095635e-05,0.00043555712722846565
1.035142421591594e-05,0.0008527593437169454,1.027955031660089e-05,0.9991266096817505
3.430371634509718e-06,0.9999452656275899,5.084701066305203e-05,4.5699011247865763e-07
0.00012639008615055735,0.9968974068146645,0.0003280088259446679,0.002648194273240131
1.4991065803600327e-05,0.9999636767875975,2.0634705508057576e-05,6.974410907768033e-07
0.00012050197093226553,0.9724082695764112,0.027007304986421395,0.00046392346623501515
7.855904984566886e-05,0.9893455497108836,0.010340457014088717,0.00023543422518210375
2.612296648508046e-05,8.520064350004649e-06,1.4693490279041383e-06,0.999963887620137
0.0023746093393829503,1.0300896089007754e-05,2.405703836327174e-06,0.9976126840606917
0.9952186845390004,5.2952692450002527e-05,1.530744845384928e-05,0.004713055320095603
1.2715750868517771e-05,4.199562323626819e-06,0.9999772623164467,5.822370361137128e-06
1.357824308914227e-05,0.00034936668029343605,0.999624734494647,1.2320581970307888e-05
6.773115037206446e-05,0.9984505519751842,0.0009696842590276284,0.0005120326154164167
1.6062717371056685e-05,0.9999682414391508,1.3139461268759443e-05,2.556382209484038e-06
5.810106629366116e-06,0.0026470265417827495,0.997328463930522,1.8699421065793365e-05
4.575412657188667e-05,0.9998644929850103,2.451787050594113e-05,6.523501791187566e-05
3.288193850374523e-05,0.9992475893061541,0.0007149882513625292,4.540503979637012e-06
4.767613022090058e-05,0.9990257036453598,8.849889078594622e-05,0.0008381213336332466
1.8861366414265769e-06,0.00016387655148584096,0.9998289718102489,5.265501623947523e-06
1.0569063202828769e-05,0.9999739123506536,1.2822403814400338e-05,2.6961823290199454e-06
3.474652573516646e-06,0.9999240439968604,7.160083171157485e-05,8.805188544598995e-07
3.234423349705645e-06,0.0004395689779543744,0.999549493069951,7.703528744934198e-06
4.678770623484114e-06,0.0007171149245578977,0.9992696761997096,8.53010510912547e-06
5.031001721184057e-06,0.0001018393216912069,0.9998641225165129,2.9007160074734242e-05
4.081519252349187e-06,0.9998597758496631,0.0001304138714666769,5.728759617821766e-06
7.207811571258203e-06,0.9998887572384277,0.0001025700936782633,1.4648563228693937e-06
7.173611533137028e-06,0.9999083302603278,7.084764277015292e-05,1.3648485368900588e-05
2.743634749484874e-06,0.00033199027099369623,0.9996597744398331,5.491654423745123e-06
9.815845705487414e-06,0.0003990701087087849,1.8770736626129446e-05,0.9995723433089597
3.4647912188301083e-06,0.9999134988893676,7.956434752604364e-05,3.471971887353072e-06
6.851023861850012e-06,0.00024475013169223076,1.4363540020387409e-05,0.9997340353044255
3.307000072467689e-05,0.9997263887326224,0.00023749821868138525,3.0430479716220017e-06
7.740788571450889e-06,0.9996430962308055,0.0003248861142071849,2.4276866415903004e-05
2.400203383130025e-05,0.9986021186381367,0.0013687986879779338,5.080640054200851e-06
1.799362818151476e-05,2.2859793704985232e-05,4.55429849385266e-06,0.9999545922796197
0.9990175131401631,0.0004113318068691889,0.0003254094064063431,0.00024574564656155436
0.9998242765588814,0.00017096052458501687,2.8797046223536026e-06,1.883211911314032e-06
0.9983361055537838,0.0007606728201054431,0.0005829454134483109,0.0003202762126625124
0.00015977002272122588,0.00013905867179903687,0.9996863485820707,1.482272340894189e-05
0.9999556814650327,3.955239575389235e-05,2.58957929022208e-06,2.1765599232405875e-06
3.2379721166176838e-06,2.3699937171649412e-05,0.9999709822542742,2.079836437537564e-06
4.667194489224087e-06,0.9998648041671064,0.00012672569213048593,3.8029462736293536e-06
4.6573086282071903e-05,0.9999240734628433,1.1953589552892964e-05,1.739986132173127e-05
1.628448931011925e-05,0.9999235478916773,4.317424420090569e-05,1.6993374811685647e-05
2.320202589896233e-05,0.0013998342904010237,1.130141104529492e-05,0.9985656622726546
5.604283358414749e-05,0.9996193521699973,0.00032230189224726066,2.3031041712771136e-06
0.002197950255655512,0.9901895681056361,0.005286156378187245,0.0023263252605213946
9.591729329714266e-06,9.819714593564775e-06,0.9999642744248913,1.631413118538621e-05
5.7676614660919865e-06,0.0002814469218291579,3.6716055636894493e-06,0.9997091138111411
0.9969831627617392,0.0027334759701192852,0.0002492055270525292,3.415574108897493e-05
0.9451913269447044,0.0005632932912780953,7.53044101651826e-05,0.05417007535385224
0.9680692879053409,0.0004996878585986516,0.00014192120587431183,0.03128910303018609
0.008901678176487137,0.9767972524996421,0.0004574260591725059,0.013843643264698367
0.005312553151914186,0.048222441610316975,0.946421181755106,4.382348266283826e-05
0.0113318236953159,0.8464837146295907,0.1421055089069344,7.895276815898759e-05
0.00025818929924968284,2.3475089747623993e-05,2.8219028192982833e-06,0.9997155137081835
4.6652441019496137e-05,0.9999473656297593,4.504647281345469e-06,1.4772819398531515e-06
2.3562526410251793e-05,0.9999628527553976,1.2199892642328802e-05,1.3848255498128635e-06
7.588944616675221e-06,0.9998699304857873,0.00012166195776891089,8.186118270171261e-07
4.185110766001068e-05,0.9999521326525069,4.714874351905414e-06,1.3013654811053222e-06
1.8412503778760796e-05,0.9998238010179824,0.00015685385073991052,9.326274989176222e-07
7.095251170312025e-06,0.9999583687255926,3.3971809752278214e-05,5.642134847115196e-07
1.3595384576827917e-06,0.00015523358467320976,0.999841165413972,2.241462896986591e-06
1.5665767393145726e-05,0.999960111230908,1.9218051005709545e-05,5.004950693156962e-06
0.00020535637917245953,0.9960960009084797,7.867947170283156e-05,0.0036199632406449245
4.8560888654944596e-05,0.9973118116274814,0.002482844064868779,0.00015678341899485332
5.820489419393188e-06,0.999848785376799,0.00014370500864240978,1.6891251393508443e-06
1.47881321734459e-06,0.0001721695866532039,0.9998229249593638,3.426640765681323e-06
5.490237865562498e-06,0.9998932228356155,9.928512521768016e-05,2.0018013010641903e-06
2.374492157974559e-05,4.253057176203961e-05,4.803594257957553e-06,0.9999289209124002
2.9014607114866952e-05,0.9989461416098127,0.001021618305776481,3.2254772960638685e-06
4.880327181808269e-05,0.9997377076003052,6.837456070786903e-05,0.00014511456716889077
3.4955140441388905e-06,0.00015391690952158764,0.999831866589002,1.072098743245306e-05
1.8473768871161347e-05,0.000981040133336285,2.0992379843252753e-05,0.9989794937179494
1.3640645961003173e-05,0.9999360655430246,4.8978311035185296e-05,1.3154999792395305e-06
0.9966196981278119,0.0027835415679982544,0.0005833518467871244,1.3408457402680374e-05
0.995200691070197,0.0022598131392576886,0.002306865629812202,0.00023263016073308106
2.3638682694883284e-06,2.7630854014277473e-05,0.9999676032562966,2.4020214194385957e-06
3.38433636916332e-06,0.9996214731172349,0.00037188848689106833,3.254059504958265e-06
6.8429989156123565e-06,1.5863340121020087e-05,0.999947560332824,2.9733328139389855e-05
9.13355700021126e-06,0.9999546254582713,3.51767368809981e-05,1.0642478474657315e-06
4.517297133759866e-06,0.999555971692599,0.0004366501225627325,2.860887704581227e-06
1.0279823287385613e-05,0.00046112295803138,0.9995204904301423,8.10678853875414e-06
6.276600971503928e-06,0.9996951687318123,0.0002958677895254287,2.6868776906520813e-06
1.81887472153758e-05,0.9999310864147812,1.3755935155489759e-05,3.696890284779478e-05
4.732646616001088e-05,0.9984425338235063,1.9255390390208988e-05,0.0014908843199431664
9.111284215810924e-05,0.9929548209937106,3.0053324486755775e-05,0.006924012839644353
7.557454399453701e-06,0.9999208487741399,4.805552071528247e-05,2.3538250745536954e-05
6.114849759268465e-06,0.9998190977724836,0.00016028208026768538,1.4505297489421485e-05
4.627696464878729e-06,0.00013450427128286477,4.838149450593249e-06,0.9998560298828016
5.280655813373666e-05,0.9710801988096681,0.00040826137981799735,0.028458733252380134
1.999004189364396e-05,0.9999294445900982,2.6680778117326054e-05,2.3884589890735004e-05
1.3235999933733872e-05,0.9999111610548014,3.300296425681175e-05,4.259998100788447e-05
1.2860553496593025e-05,0.9997676461056832,1.3138074973249036e-05,0.0002063552658466905
1.276035746866526e-05,0.9999426277667178,2.112394514861175e-05,2.3487930664913418e-05
2.850213848390433e-05,0.9998398561660163,0.00011463501953935484,1.7006675960309e-05
2.656447453312934e-06,7.228701639234714e-06,0.9999876176119576,2.497238949820235e-06
2.0619473573612264e-05,0.000529875807733763,0.999400458411147,4.904630754543681e-05
1.2691827711440569e-05,0.9999445675961951,3.195097036035931e-05,1.0789605733200389e-05
1.4496362545830623e-05,0.9998249296025102,0.00010830741498246615,5.2266619961582096e-05
1.2554018884615826e-05,0.00026299721692133544,0.9996938713497008,3.057741449323761e-05
6.0727089075458174e-05,3.965736353471297e-05,2.8097610452347283e-06,0.9998968057863447
0.9984571217378083,0.0011613822648270497,0.0003687461277433452,1.2749869621192096e-05
0.9997872350702594,7.302238615956523e-06,0.00019139747164979303,1.4065219474868648e-05
0.9998211981596242,0.00011569935256013171,5.6940984318435666e-05,6.161503497152803e-06
0.00032395706109190583,7.780172304393472e-06,0.9996660416728802,2.2210937235675383e-06
0.9904300942410917,0.00012911795736101305,1.1079597109941698e-05,0.009429708204437049
4.218935900376699e-05,0.00012597727762207349,0.9998285109700605,3.322393313619879e-06
0.02857322511771052,0.8929896131531221,0.0782646365430692,0.00017252518609823974
4.037106036659025e-05,0.0014700685958734742,0.9984808216219655,8.738721794557592e-06
8.813564136916059e-05,8.881940425876751e-05,2.202456488680621e-06,0.9998208424978834
0.9980321851332097,0.000545601338574855,0.00021211362283013222,0.0012100999053851387
3.8035463194112444e-05,4.368235176784697e-05,0.9999155310178638,2.7511671741529985e-06
0.0001690144494617618,0.9991009072475052,0.00029444552026459904,0.00043563278276842325
0.0027994759450522175,0.9939659656572668,0.0031016281930632693,0.00013293020461782026
1.0330913253830174e-05,0.0004227096120413705,0.9995631742057395,3.7852689652355704e-06
7.6210191855093675e-06,0.999849297386779,1.4183572346918377e-05,0.00012889802168838355
1.6225934215823317e-05,0.9970090229242881,1.5582443108259944e-05,0.0029591686983877975
1.8245138550715272e-05,0.9981213617911018,2.030680548549267e-05,0.0018400862648617923
4.660192856578574e-06,0.00047491689687003796,0.9995173278973842,3.0950128890431242e-06
2.0323089392021873e-05,0.9954362328471922,0.00012904962581108362,0.004414394437604742
1.786227667912422e-05,0.9999456495624929,2.6586010851286415e-05,9.90214997669695e-06
3.6375647577521137e-06,0.9999655148941484,2.7062205862753588e-05,3.7853352311355913e-06
4.1446267560448294e-05,0.9976232998047082,0.002325176298551059,1.0077629180391964e-05
3.744813262935363e-06,0.9999708550142283,1.1476397910978088e-05,1.3923774597822945e-05
7.214852825772855e-06,0.9999698672518407,1.6353134511506362e-05,6.564760821971133e-06
2.9431054044695654e-06,0.9999646066986214,9.308912611265463e-06,2.3141283363011455e-05
4.2119994959269785e-06,0.9997096440989441,0.00023992175780785852,4.622214375205907e-05
1.7452595979180254e-05,2.2638038586292753e-05,1.4041893669290217e-06,0.9999585051760677
0.9976910400628803,0.001573564148541153,0.0007247735824303542,1.0622206148279753e-05
0.9158282733269412,0.00023247279987022277,0.08384514998080646,9.410389238224667e-05
0.0005939059447568004,8.243734102402018e-06,0.9993930879108412,4.76241029956162e-06
0.998449499013499,0.0008545357890804737,0.0006839146342082484,1.2050563212354975e-05
0.015122267384782994,0.0055839098466666974,0.9792322930239246,6.152974462569728e-05
0.0031998053352095797,3.841603797562272e-05,4.877607239422117e-06,0.9967569010195753
5.26852758161443e-05,0.9998417252316837,0.00010063644230860203,4.953050191557078e-06
8.112826865452694e-06,0.0006542936852312122,0.999334503907129,3.089580774475386e-06
2.3470065868154756e-05,0.9998374258057168,3.4755575838893933e-06,0.00013562857083114732
7.586040279473429e-05,0.9993295567132106,0.0005891940717815001,5.3888122132897066e-06
0.0005247221152257073,0.9327480158899667,0.06603080268186527,0.0006964593129422892
3.522694847896241e-06,1.5688525968143045e-05,0.9999791545601947,1.6342189893040233e-06
3.3453040524168785e-05,0.9999302152286629,1.6501394386570517e-05,1.9830336426259015e-05
3.8258013135519465e-05,0.9999186564779609,3.557558547478102e-05,7.509923428867866e-06
0.9977193333967229,0.0014566829844413322,0.0008085578552015533,1.542576363416021e-05
2.1472356755388344e-05,8.995537766587418e-06,0.9999684072437844,1.1248616936551682e-06
1.5809913545799718e-05,0.9995105968800242,1.3936429619763286e-05,0.00045965677681023914
9.687071413498396e-06,0.9998061814637226,0.00018258430965148082,1.5471552124173504e-06
2.2942307561424576e-05,5.765815084171476e-05,1.43552665294892e-06,0.9999179640149439
0.8354108529145658,0.00047921585824449805,3.9056634509029546e-05,0.1640708745926806
4.879820888141279e-05,0.9999296476061427,1.622053199215248e-05,5.333652983747684e-06
8.45357087900134e-06,0.00010237783384374003,0.9998842618752899,4.90671998739868e-06
2.359369102873763e-06,5.963907532712941e-06,0.9999904211993441,1.2555240203936755e-06
1.2748311462557589e-05,0.0049361935021747915,1.0437270551687853e-05,0.995040620915811
6.289443677375065e-06,0.9999655139619538,2.019460174576764e-05,8.0019926232996e-06
2.8077396631129135e-06,0.9999657283911979,8.713772712174424e-06,2.275009642676375e-05
8.897233841754587e-06,0.9947847433721259,2.484384807456381e-05,0.005181515545957984
6.9430455378146735e-06,0.9999207903005676,6.35236506938893e-05,8.743003200781995e-06
1.0217633705010922e-06,0.00016189481842303712,7.054219747986673e-07,0.9998363779962317
2.2005675265073536e-05,0.9999306219257781,3.0655860257269496e-05,1.6716538699614166e-05
1.7864870750291047e-06,0.0004793913406605044,9.010775567915424e-07,0.9995179210947077
2.5929590593253778e-06,9.32568336184886e-05,0.9999029387546754,1.211452646633963e-06
5.13388784665505e-06,0.9999750892115206,1.3358869572711504e-05,6.418031059975567e-06
1.0025967634915008e-05,0.9999129132385634,5.032175175121862e-06,7.202861862656716e-05
1.864978421101967e-05,0.9997881876151582,0.00018848603170044798,4.676568930337204e-06
7.881517175720482e-06,0.00017274905750554588,0.9998068948775407,1.2474547777955553e-05
0.0004389076235967686,0.07436377029555849,0.9229453877882414,0.0022519342926033688
4.101159420606492e-06,0.9999485059164019,9.74297499312884e-06,3.764994918430005e-05
1.2141550592457021e-05,0.9937263547246418,7.566348573630492e-05,0.006185840239029526
1.65962219656566e-06,0.0001490802480642328,0.9998479960572314,1.2640725079736803e-06
0.9994545011594563,0.000503600472681021,3.325437890810174e-05,8.643988954407232e-06
0.0008900523224336677,3.0864549688300846e-05,1.8528399118357237e-06,0.9990772302879661
6.892924852959704e-06,2.7530836053500552e-05,0.9999645803813072,9.958577863923986e-07
5.435903190803124e-06,0.999943307784433,4.375541464322976e-05,7.500897732743704e-06
1.174653388385209e-05,4.572373217315548e-05,0.9999394814488324,3.0482851106436727e-06
2.113941975701377e-05,0.999910355571746,6.020560751998013e-05,8.299400977013027e-06
2.2848340180650334e-05,0.008840106834322556,0.9911156585772174,2.1386248279419883e-05
1.5460456920804267e-05,0.9999349024443119,2.724530955980465e-05,2.2391789207588854e-05
1.2202747248418581e-05,0.9977035287671345,0.0022708525036768392,1.3415981940128788e-05
1.5491019520934485e-06,0.00015154662070816153,9.359479225687e-07,0.9998459683294172
1.1921414873916762e-05,0.9966467559798077,1.3285611161866128e-05,0.003328036994156624
2.528219064881275e-06,1.6167224042255657e-05,4.4326367028412983e-07,0.9999808612932225
4.583073860097734e-05,0.9998623435676842,8.416504656897512e-05,7.66064714583947e-06
8.064978200535031e-06,0.9997982806619911,0.00019229139747288838,1.3629623355240533e-06
0.00020184022981501698,0.999720306487822,7.24515409089957e-05,5.401741454038727e-06
4.729959014866231e-05,0.996808869563629,0.0030422800535179497,0.0001015507927044994
9.18448556943295e-05,0.9706188450446057,0.02926578010185052,2.352999784934183e-05
0.006931263805515605,0.9904036154108097,0.0025337439245050834,0.00013137685916966046
0.01535182837315485,0.01846063970105708,0.0004774692074117663,0.9657100627183763
2.350541053280327e-05,5.522004768998151e-06,0.9999699283566971,1.044228001313528e-06
5.080359199895437e-06,9.352451008881498e-06,0.9999841205510865,1.4466387046549882e-06
1.185665960933671e-05,0.0029844465366862098,1.917999561649028e-06,0.9970017788041429
1.845656081060273e-05,6.510057143288244e-05,0.9999122824843165,4.1603834400097105e-06
1.6534078612702968e-05,0.00028778034354303756,0.9996891374661088,6.548111735478209e-06
1.3247280163932687e-06,0.00045586669700587015,6.454811466784505e-07,0.999542163093831
1.6190815368466696e-06,0.0004123373987969313,8.573821126027471e-07,0.9995851861375535
8.662140856514804e-06,0.9999368175245227,5.200966599375735e-05,2.5106686270311252e-06
0.9929128018535676,0.006673735342593731,0.0003712761495842435,4.218665425424524e-05
0.9968338534299611,0.0023677193456493116,0.0007819244082049252,1.6502816184591814e-05
9.108815754019938e-05,0.9998460246118901,5.2243324104951984e-05,1.0643906464719151e-05
1.8106629546642162e-05,0.9999277361622374,4.911232346854044e-05,5.044884747465926e-06
7.47823439635044e-06,0.9999165630188285,7.406476464429642e-05,1.8939821310306578e-06
7.133879823984711e-06,0.9999405762244378,2.1897698711835633e-05,3.0392197026323245e-05
3.452853909972594e-05,0.9999133400137294,4.581344597297765e-05,6.318001198020583e-06
1.0989453539643307e-05,0.9999703759697188,8.392498717731883e-06,1.0242078023813552e-05
6.7029868869582265e-06,8.498690073653604e-06,0.9999836027547147,1.195568324710075e-06
5.680213653866001e-06,0.9999389793025136,4.9117613145580075e-05,6.222870686694794e-06
2.8131982809618967e-06,0.9999737391376939,1.9487383136207847e-05,3.960280888838422e-06
1.1473351572843353e-05,0.9997998875488421,0.0001776253049710747,1.1013794613926605e-05
2.5836119562347542e-06,9.783131173128191e-05,0.9998977823510631,1.8027252494604845e-06
8.197293644469762e-06,0.0035267386140960893,0.9964600468850895,5.0172071697927196e-06
0.00025880130905088234,0.9660734965924308,0.03313062325227372,0.0005370788462446171
2.5503120367800483e-06,0.00013846579524062977,0.9998575158317411,1.4680609815144874e-06
4.481713892832694e-06,0.9998837706836591,0.00010003049117009897,1.1717111278096373e-05
2.4762855026605756e-06,0.9999697931233977,1.4006139575293625e-05,1.372445152440138e-05
1.170005684339817e-05,0.9951213448162318,6.88130860648054e-05,0.004798142040860151
5.040246692630154e-06,5.627144501351778e-06,0.9999866200923455,2.7125164604834854e-06
1.5827296076650168e-06,0.9998708162800253,0.00012593998547558047,1.6610048917517093e-06
6.081882584131545e-06,0.002119675763086964,8.41166256785035e-06,0.997865830691761
1.5238392960828178e-06,0.9999718990313876,2.4463888270636244e-05,2.1132410454740175e-06
1.5830792379430343e-06,0.9999612862104545,3.538755709189674e-05,1.74315321558194e-06
1.1793192120185966e-05,0.0007329648697664298,0.999250059475683,5.182462430182925e-06
9.237984727638371e-06,0.9999740239468178,8.883099662996525e-06,7.854968791663287e-06
5.0889799566756685e-06,0.9999563093372799,4.14887810337566e-06,3.44528046601745e-05
2.7082260328304414e-05,0.9917284650319667,0.002649842391015216,0.005594610316689901
2.3660222474278357e-06,0.9999886138778932,5.524505495576445e-06,3.495594363912286e-06
